POOL=o6 dim=305 START=42 STOP=28 SELECT=20..29 VERIFY=30..39
   k  params   selCV   verCV     val    test     dropped
  42     430  0.9486  0.9483  0.9487  0.9506
  41     420  0.9487  0.9485  0.9456  0.9487
  40     410  0.9489  0.9483  0.9467  0.9489
  39     400  0.9491  0.9484  0.9467  0.9493
  38     390  0.9490  0.9486  0.9476  0.9489
  37     380  0.9488  0.9484  0.9456  0.9502
  36     370  0.9487  0.9482  0.9443  0.9487
  35     360  0.9487  0.9483  0.9439  0.9502
  34     350  0.9485  0.9483  0.9443  0.9498
  33     340  0.9484  0.9483  0.9431  0.9511
  32     330  0.9481  0.9478  0.9424  0.9504
  31     320  0.9478  0.9475  0.9428  0.9494
  30     310  0.9476  0.9472  0.9424  0.9502
  29     300  0.9472  0.9465  0.9417  0.9494
  28     290  0.9466  0.9462  0.9415  0.9478

########## HONEST FLOOR (verCV>=0.940 AND val>=0.940) ##########
k=28 params=290 selCV=0.9466 verCV=0.9462 val=0.9415 test=0.9478
feature_idx=291,94,285,297,181,93,144,92,111,294,195,275,278,287,58,68,196,203,188,75,86,91,95,273,300,304,65,295
ALL_DONE
