POOL=o6+line dim=314 START=42 STOP=22 SELECT=0..9 VERIFY=10..19
   k  params   selCV   verCV     val    test     dropped
  50     510  0.9519  0.9517  0.9494  0.9533  ixcoh_in_set=9
      -> drop 313* (selCV_after=0.9522)
  49     500  0.9522  0.9518  0.9491  0.9546  ixcoh_in_set=8
      -> drop 144 (selCV_after=0.9525)
  48     490  0.9525  0.9521  0.9493  0.9541  ixcoh_in_set=8
      -> drop 77 (selCV_after=0.9525)
  47     480  0.9525  0.9518  0.9494  0.9533  ixcoh_in_set=8
      -> drop 305* (selCV_after=0.9526)
  46     470  0.9526  0.9519  0.9496  0.9543  ixcoh_in_set=7
      -> drop 312* (selCV_after=0.9527)
  45     460  0.9527  0.9518  0.9498  0.9535  ixcoh_in_set=6
      -> drop 309* (selCV_after=0.9527)
  44     450  0.9527  0.9517  0.9494  0.9531  ixcoh_in_set=5
      -> drop 293 (selCV_after=0.9526)
  43     440  0.9526  0.9519  0.9489  0.9543  ixcoh_in_set=5
      -> drop 205 (selCV_after=0.9527)
  42     430  0.9527  0.9521  0.9485  0.9541  ixcoh_in_set=5
      -> drop 306* (selCV_after=0.9526)
  41     420  0.9526  0.9521  0.9502  0.9535  ixcoh_in_set=4
      -> drop 288 (selCV_after=0.9526)
  40     410  0.9526  0.9521  0.9500  0.9524  ixcoh_in_set=4
      -> drop 29 (selCV_after=0.9525)
  39     400  0.9525  0.9517  0.9491  0.9533  ixcoh_in_set=4
      -> drop 197 (selCV_after=0.9525)
  38     390  0.9525  0.9520  0.9491  0.9535  ixcoh_in_set=4
      -> drop 33 (selCV_after=0.9526)
  37     380  0.9526  0.9522  0.9478  0.9520  ixcoh_in_set=4
      -> drop 26 (selCV_after=0.9523)
  36     370  0.9523  0.9520  0.9478  0.9513  ixcoh_in_set=4
      -> drop 308* (selCV_after=0.9522)
  35     360  0.9522  0.9518  0.9487  0.9504  ixcoh_in_set=3
      -> drop 206 (selCV_after=0.9522)
  34     350  0.9522  0.9518  0.9470  0.9489  ixcoh_in_set=3
      -> drop 98 (selCV_after=0.9518)
  33     340  0.9518  0.9516  0.9463  0.9504  ixcoh_in_set=3
      -> drop 304 (selCV_after=0.9515)
  32     330  0.9515  0.9512  0.9478  0.9483  ixcoh_in_set=3
      -> drop 124 (selCV_after=0.9511)
  31     320  0.9511  0.9506  0.9469  0.9493  ixcoh_in_set=3
      -> drop 81 (selCV_after=0.9508)
  30     310  0.9508  0.9503  0.9474  0.9502  ixcoh_in_set=3
      subset=291,94,285,145,297,92,93,111,292,195,294,278,287,275,58,181,91,68,203,295,17,196,273,86,75,298,310*,65,307*,311*
      -> drop 195 (selCV_after=0.9502)
  29     300  0.9502  0.9501  0.9470  0.9493  ixcoh_in_set=3
      subset=291,94,285,145,297,92,93,111,292,294,278,287,275,58,181,91,68,203,295,17,196,273,86,75,298,310*,65,307*,311*
      -> drop 91 (selCV_after=0.9499)
  28     290  0.9499  0.9497  0.9470  0.9457  ixcoh_in_set=3
      subset=291,94,285,145,297,92,93,111,292,294,278,287,275,58,181,68,203,295,17,196,273,86,75,298,310*,65,307*,311*
      -> drop 17 (selCV_after=0.9494)
  27     280  0.9494  0.9491  0.9457  0.9476  ixcoh_in_set=3
      subset=291,94,285,145,297,92,93,111,292,294,278,287,275,58,181,68,203,295,196,273,86,75,298,310*,65,307*,311*
      -> drop 292 (selCV_after=0.9489)
  26     270  0.9489  0.9487  0.9452  0.9483  ixcoh_in_set=3
      subset=291,94,285,145,297,92,93,111,294,278,287,275,58,181,68,203,295,196,273,86,75,298,310*,65,307*,311*
      -> drop 307* (selCV_after=0.9481)
  25     260  0.9481  0.9479  0.9433  0.9472  ixcoh_in_set=2
      subset=291,94,285,145,297,92,93,111,294,278,287,275,58,181,68,203,295,196,273,86,75,298,310*,65,311*
      -> drop 311* (selCV_after=0.9474)
  24     250  0.9474  0.9470  0.9424  0.9483  ixcoh_in_set=1
      subset=291,94,285,145,297,92,93,111,294,278,287,275,58,181,68,203,295,196,273,86,75,298,310*,65
      -> drop 278 (selCV_after=0.9463)
  23     240  0.9463  0.9464  0.9404  0.9472  ixcoh_in_set=1
      subset=291,94,285,145,297,92,93,111,294,287,275,58,181,68,203,295,196,273,86,75,298,310*,65
      -> drop 295 (selCV_after=0.9455)
  22     230  0.9455  0.9454  0.9394  0.9476  ixcoh_in_set=1
      subset=291,94,285,145,297,92,93,111,294,287,275,58,181,68,203,196,273,86,75,298,310*,65

########## HONEST FLOOR (verCV>=0.940 AND val>=0.940) ##########
k=23 params=240 selCV=0.9463 verCV=0.9464 val=0.9404 test=0.9472 ixcoh_in_set=1
feature_idx=291,94,285,145,297,92,93,111,294,287,275,58,181,68,203,295,196,273,86,75,298,310,65
feature_idx_marked=291,94,285,145,297,92,93,111,294,287,275,58,181,68,203,295,196,273,86,75,298,310*,65
ALL_DONE
