POOL=o6+ixcoh dim=311 START=42 STOP=23 SELECT=0..9 VERIFY=10..19
   k  params   selCV   verCV     val    test     dropped
  48     490  0.9497  0.9493  0.9481  0.9526  ixcoh_in_set=6
      -> drop 288 (selCV_after=0.9498)
  47     480  0.9498  0.9492  0.9481  0.9515  ixcoh_in_set=6
      -> drop 296 (selCV_after=0.9498)
  46     470  0.9498  0.9493  0.9480  0.9520  ixcoh_in_set=6
      -> drop 292 (selCV_after=0.9498)
  45     460  0.9498  0.9495  0.9474  0.9519  ixcoh_in_set=6
      -> drop 307* (selCV_after=0.9499)
  44     450  0.9499  0.9494  0.9478  0.9517  ixcoh_in_set=5
      -> drop 98 (selCV_after=0.9497)
  43     440  0.9497  0.9493  0.9480  0.9513  ixcoh_in_set=5
      -> drop 293 (selCV_after=0.9499)
  42     430  0.9499  0.9491  0.9467  0.9515  ixcoh_in_set=5
      -> drop 305* (selCV_after=0.9497)
  41     420  0.9497  0.9493  0.9478  0.9491  ixcoh_in_set=4
      -> drop 145 (selCV_after=0.9496)
  40     410  0.9496  0.9492  0.9452  0.9491  ixcoh_in_set=4
      -> drop 309* (selCV_after=0.9495)
  39     400  0.9495  0.9492  0.9456  0.9491  ixcoh_in_set=3
      -> drop 77 (selCV_after=0.9493)
  38     390  0.9493  0.9490  0.9459  0.9506  ixcoh_in_set=3
      -> drop 29 (selCV_after=0.9493)
  37     380  0.9493  0.9486  0.9450  0.9494  ixcoh_in_set=3
      -> drop 310* (selCV_after=0.9492)
  36     370  0.9492  0.9487  0.9452  0.9496  ixcoh_in_set=2
      -> drop 124 (selCV_after=0.9489)
  35     360  0.9489  0.9486  0.9450  0.9493  ixcoh_in_set=2
      -> drop 81 (selCV_after=0.9487)
  34     350  0.9487  0.9480  0.9437  0.9498  ixcoh_in_set=2
      -> drop 33 (selCV_after=0.9484)
  33     340  0.9484  0.9479  0.9433  0.9487  ixcoh_in_set=2
      -> drop 26 (selCV_after=0.9483)
  32     330  0.9483  0.9477  0.9439  0.9481  ixcoh_in_set=2
      -> drop 304 (selCV_after=0.9482)
  31     320  0.9482  0.9474  0.9439  0.9474  ixcoh_in_set=2
      -> drop 205 (selCV_after=0.9480)
  30     310  0.9480  0.9470  0.9431  0.9485  ixcoh_in_set=2
      subset=291,94,285,297,181,93,144,92,111,195,275,278,294,287,58,68,196,203,188,91,17,86,95,295,75,273,300,65,306*,308*
      -> drop 300 (selCV_after=0.9472)
  29     300  0.9472  0.9464  0.9417  0.9478  ixcoh_in_set=2
      subset=291,94,285,297,181,93,144,92,111,195,275,278,294,287,58,68,196,203,188,91,17,86,95,295,75,273,65,306*,308*
      -> drop 308* (selCV_after=0.9466)
  28     290  0.9466  0.9459  0.9407  0.9493  ixcoh_in_set=1
      subset=291,94,285,297,181,93,144,92,111,195,275,278,294,287,58,68,196,203,188,91,17,86,95,295,75,273,65,306*
      -> drop 306* (selCV_after=0.9465)
  27     280  0.9465  0.9459  0.9420  0.9470  ixcoh_in_set=0
      subset=291,94,285,297,181,93,144,92,111,195,275,278,294,287,58,68,196,203,188,91,17,86,95,295,75,273,65
      -> drop 17 (selCV_after=0.9460)
  26     270  0.9460  0.9457  0.9402  0.9472  ixcoh_in_set=0
      subset=291,94,285,297,181,93,144,92,111,195,275,278,294,287,58,68,196,203,188,91,86,95,295,75,273,65
      -> drop 91 (selCV_after=0.9453)
  25     260  0.9453  0.9448  0.9393  0.9457  ixcoh_in_set=0
      subset=291,94,285,297,181,93,144,92,111,195,275,278,294,287,58,68,196,203,188,86,95,295,75,273,65
      -> drop 94 (selCV_after=0.9446)
  24     250  0.9446  0.9441  0.9380  0.9441  ixcoh_in_set=0
      subset=291,285,297,181,93,144,92,111,195,275,278,294,287,58,68,196,203,188,86,95,295,75,273,65
      -> drop 111 (selCV_after=0.9436)
  23     240  0.9436  0.9431  0.9381  0.9446  ixcoh_in_set=0
      subset=291,285,297,181,93,144,92,195,275,278,294,287,58,68,196,203,188,86,95,295,75,273,65

########## HONEST FLOOR (verCV>=0.940 AND val>=0.940) ##########
k=26 params=270 selCV=0.9460 verCV=0.9457 val=0.9402 test=0.9472 ixcoh_in_set=0
feature_idx=291,94,285,297,181,93,144,92,111,195,275,278,294,287,58,68,196,203,188,91,86,95,295,75,273,65
feature_idx_marked=291,94,285,297,181,93,144,92,111,195,275,278,294,287,58,68,196,203,188,91,86,95,295,75,273,65
ALL_DONE
