POOL=o6 dim=305 START=42 STOP=28
   k  params   selCV   verCV     val    test     dropped
  42     430  0.9488  0.9481  0.9487  0.9506
  41     420  0.9489  0.9484  0.9489  0.9504
  40     410  0.9490  0.9484  0.9491  0.9507
  39     400  0.9489  0.9480  0.9487  0.9506
  38     390  0.9487  0.9479  0.9481  0.9504
  37     380  0.9486  0.9476  0.9476  0.9500
  36     370  0.9485  0.9478  0.9483  0.9500
  35     360  0.9486  0.9481  0.9446  0.9487
  34     350  0.9483  0.9479  0.9452  0.9487
  33     340  0.9480  0.9475  0.9452  0.9504
  32     330  0.9479  0.9471  0.9452  0.9496
  31     320  0.9475  0.9468  0.9433  0.9496
  30     310  0.9474  0.9468  0.9428  0.9494
  29     300  0.9470  0.9465  0.9419  0.9485
  28     290  0.9468  0.9462  0.9417  0.9487

########## HONEST FLOOR (verCV>=0.940 AND val>=0.940) ##########
k=28 params=290 selCV=0.9468 verCV=0.9462 val=0.9417 test=0.9487
feature_idx=291,94,285,145,297,181,93,92,111,294,195,275,33,287,58,68,196,203,188,75,86,91,95,273,300,304,65,295
ALL_DONE
