POOL=o6+ixcoh dim=311 START=42 STOP=23 SELECT=20..29 VERIFY=30..39
   k  params   selCV   verCV     val    test     dropped
  48     490  0.9493  0.9493  0.9481  0.9526  ixcoh_in_set=6
      -> drop 287 (selCV_after=0.9494)
  47     480  0.9494  0.9494  0.9476  0.9520  ixcoh_in_set=6
      -> drop 307* (selCV_after=0.9494)
  46     470  0.9494  0.9493  0.9478  0.9515  ixcoh_in_set=5
      -> drop 295 (selCV_after=0.9494)
  45     460  0.9494  0.9492  0.9474  0.9519  ixcoh_in_set=5
      -> drop 308* (selCV_after=0.9494)
  44     450  0.9494  0.9490  0.9469  0.9524  ixcoh_in_set=4
      -> drop 188 (selCV_after=0.9493)
  43     440  0.9493  0.9488  0.9489  0.9524  ixcoh_in_set=4
      -> drop 77 (selCV_after=0.9493)
  42     430  0.9493  0.9489  0.9493  0.9522  ixcoh_in_set=4
      -> drop 205 (selCV_after=0.9492)
  41     420  0.9492  0.9488  0.9481  0.9524  ixcoh_in_set=4
      -> drop 81 (selCV_after=0.9491)
  40     410  0.9491  0.9485  0.9467  0.9524  ixcoh_in_set=4
      -> drop 306* (selCV_after=0.9488)
  39     400  0.9488  0.9485  0.9454  0.9509  ixcoh_in_set=3
      -> drop 144 (selCV_after=0.9485)
  38     390  0.9485  0.9482  0.9444  0.9517  ixcoh_in_set=3
      -> drop 33 (selCV_after=0.9483)
  37     380  0.9483  0.9481  0.9450  0.9491  ixcoh_in_set=3
      -> drop 65 (selCV_after=0.9481)
  36     370  0.9481  0.9475  0.9452  0.9489  ixcoh_in_set=3
      -> drop 293 (selCV_after=0.9478)
  35     360  0.9478  0.9474  0.9439  0.9472  ixcoh_in_set=3
      -> drop 292 (selCV_after=0.9475)
  34     350  0.9475  0.9470  0.9439  0.9481  ixcoh_in_set=3
      -> drop 98 (selCV_after=0.9469)
  33     340  0.9469  0.9468  0.9431  0.9469  ixcoh_in_set=3
      -> drop 124 (selCV_after=0.9472)
  32     330  0.9472  0.9470  0.9433  0.9476  ixcoh_in_set=3
      -> drop 26 (selCV_after=0.9468)
  31     320  0.9468  0.9465  0.9437  0.9472  ixcoh_in_set=3
      -> drop 278 (selCV_after=0.9464)
  30     310  0.9464  0.9459  0.9430  0.9469  ixcoh_in_set=3
      subset=291,94,285,145,288,297,181,93,92,111,195,275,29,294,58,68,196,203,296,91,17,86,95,75,273,300,304,305*,309*,310*
      -> drop 17 (selCV_after=0.9458)
  29     300  0.9458  0.9459  0.9413  0.9459  ixcoh_in_set=3
      subset=291,94,285,145,288,297,181,93,92,111,195,275,29,294,58,68,196,203,296,91,86,95,75,273,300,304,305*,309*,310*
      -> drop 300 (selCV_after=0.9453)
  28     290  0.9453  0.9451  0.9406  0.9456  ixcoh_in_set=3
      subset=291,94,285,145,288,297,181,93,92,111,195,275,29,294,58,68,196,203,296,91,86,95,75,273,304,305*,309*,310*
      -> drop 29 (selCV_after=0.9446)
  27     280  0.9446  0.9441  0.9415  0.9457  ixcoh_in_set=3
      subset=291,94,285,145,288,297,181,93,92,111,195,275,294,58,68,196,203,296,91,86,95,75,273,304,305*,309*,310*
      -> drop 304 (selCV_after=0.9442)
  26     270  0.9442  0.9440  0.9398  0.9448  ixcoh_in_set=3
      subset=291,94,285,145,288,297,181,93,92,111,195,275,294,58,68,196,203,296,91,86,95,75,273,305*,309*,310*
      -> drop 309* (selCV_after=0.9436)
  25     260  0.9436  0.9431  0.9413  0.9448  ixcoh_in_set=2
      subset=291,94,285,145,288,297,181,93,92,111,195,275,294,58,68,196,203,296,91,86,95,75,273,305*,310*
      -> drop 94 (selCV_after=0.9426)
  24     250  0.9426  0.9425  0.9407  0.9419  ixcoh_in_set=2
      subset=291,285,145,288,297,181,93,92,111,195,275,294,58,68,196,203,296,91,86,95,75,273,305*,310*
      -> drop 91 (selCV_after=0.9413)
  23     240  0.9413  0.9414  0.9406  0.9420  ixcoh_in_set=2
      subset=291,285,145,288,297,181,93,92,111,195,275,294,58,68,196,203,296,86,95,75,273,305*,310*

########## HONEST FLOOR (verCV>=0.940 AND val>=0.940) ##########
k=23 params=240 selCV=0.9413 verCV=0.9414 val=0.9406 test=0.9420 ixcoh_in_set=2
feature_idx=291,285,145,288,297,181,93,92,111,195,275,294,58,68,196,203,296,86,95,75,273,305,310
feature_idx_marked=291,285,145,288,297,181,93,92,111,195,275,294,58,68,196,203,296,86,95,75,273,305*,310*
ALL_DONE
