C-PER-K PROBE on fixed C=10 backward-greedy subsets (o6 pool)
part   k params      C   selCV   verCV     val    test  honest?
   0  25    260    0.3  0.9364  0.9362  0.9344  0.9387  
   0  25    260      1  0.9416  0.9414  0.9391  0.9426  
   0  25    260      2  0.9437  0.9434  0.9394  0.9452  
   0  25    260      3  0.9442  0.9442  0.9404  0.9444  YES
   0  25    260      5  0.9449  0.9446  0.9411  0.9446  YES
   0  25    260     10  0.9449  0.9451  0.9404  0.9443  YES
   0  25    260     20  0.9451  0.9452  0.9409  0.9450  YES
   0  25    260     50  0.9452  0.9451  0.9409  0.9448  YES
   0  25    260    100  0.9451  0.9451  0.9409  0.9446  YES
   0  24    250    0.3  0.9358  0.9354  0.9350  0.9394  
   0  24    250      1  0.9409  0.9410  0.9389  0.9443  
   0  24    250      2  0.9427  0.9427  0.9389  0.9461  
   0  24    250      3  0.9434  0.9433  0.9389  0.9454  
   0  24    250      5  0.9440  0.9438  0.9402  0.9448  YES
   0  24    250     10  0.9442  0.9440  0.9396  0.9452  
   0  24    250     20  0.9442  0.9441  0.9411  0.9456  YES
   0  24    250     50  0.9443  0.9440  0.9407  0.9454  YES
   0  24    250    100  0.9443  0.9442  0.9398  0.9467  
  20  25    260    0.3  0.9384  0.9382  0.9367  0.9406  
  20  25    260      1  0.9422  0.9423  0.9380  0.9439  
  20  25    260      2  0.9435  0.9436  0.9385  0.9459  
  20  25    260      3  0.9440  0.9440  0.9389  0.9456  
  20  25    260      5  0.9447  0.9446  0.9400  0.9463  YES
  20  25    260     10  0.9450  0.9450  0.9407  0.9459  YES
  20  25    260     20  0.9451  0.9448  0.9411  0.9469  YES
  20  25    260     50  0.9449  0.9447  0.9411  0.9470  YES
  20  25    260    100  0.9447  0.9448  0.9415  0.9481  YES
  20  24    250    0.3  0.9376  0.9373  0.9357  0.9402  
  20  24    250      1  0.9419  0.9413  0.9381  0.9435  
  20  24    250      2  0.9428  0.9426  0.9378  0.9443  
  20  24    250      3  0.9433  0.9432  0.9372  0.9441  
  20  24    250      5  0.9439  0.9436  0.9378  0.9444  
  20  24    250     10  0.9443  0.9441  0.9387  0.9456  
  20  24    250     20  0.9443  0.9445  0.9391  0.9448  
  20  24    250     50  0.9444  0.9443  0.9391  0.9457  
  20  24    250    100  0.9444  0.9444  0.9400  0.9457  YES

### C chosen by SELECT-CV (honest pick), per (part,k) ###
part=0 k=25 params=260 -> C*=50 selCV=0.9452 verCV=0.9451 val=0.9409 test=0.9448 [HONEST]
part=0 k=24 params=250 -> C*=100 selCV=0.9443 verCV=0.9442 val=0.9398 test=0.9467 [fails]
part=20 k=25 params=260 -> C*=20 selCV=0.9451 verCV=0.9448 val=0.9411 test=0.9469 [HONEST]
part=20 k=24 params=250 -> C*=50 selCV=0.9444 verCV=0.9443 val=0.9391 test=0.9457 [fails]
ALL_DONE
