         candidate     val     dval     cv5      dcv
frozen23 (baseline)  0.9404  +0.0000  0.9461  +0.0000
      blob2lrg_pan  0.9404  +0.0000  0.9465  +0.0004
       blob2nc_pan  0.9417  +0.0013  0.9459  -0.0002
      blob2msz_pan  0.9406  +0.0002  0.9463  +0.0002
     blob2lrg_ndvi  0.9446  +0.0043  0.9481  +0.0021
      blob2nc_ndvi  0.9422  +0.0019  0.9468  +0.0007
     blob2msz_ndvi  0.9419  +0.0015  0.9464  +0.0003
     blob2lrg_ndbi  0.9417  +0.0013  0.9465  +0.0004
      blob2nc_ndbi  0.9417  +0.0013  0.9459  -0.0002
     blob2msz_ndbi  0.9413  +0.0009  0.9464  +0.0003
     corn2frac_pan  0.9426  +0.0022  0.9480  +0.0019
      corn2mag_pan  0.9407  +0.0004  0.9478  +0.0017
    corn2frac_ndvi  0.9444  +0.0041  0.9500  +0.0039
     corn2mag_ndvi  0.9419  +0.0015  0.9482  +0.0022
    corn2frac_ndbi  0.9448  +0.0044  0.9496  +0.0035
     corn2mag_ndbi  0.9450  +0.0046  0.9486  +0.0025
       lbp2ent_pan  0.9426  +0.0022  0.9464  +0.0003
       lbp2uni_pan  0.9441  +0.0037  0.9468  +0.0007
      lbp2ent_ndvi  0.9431  +0.0028  0.9489  +0.0028
      lbp2uni_ndvi  0.9446  +0.0043  0.9472  +0.0012
      lbp2ent_ndbi  0.9426  +0.0022  0.9474  +0.0014
      lbp2uni_ndbi  0.9439  +0.0035  0.9477  +0.0016
       sslope2_pan  0.9404  +0.0000  0.9468  +0.0007
      sslope2_ndvi  0.9413  +0.0009  0.9465  +0.0005
      sslope2_ndbi  0.9398  -0.0006  0.9467  +0.0006
ALL_DONE
