# experiments/masked_imp_cv.py -- honest 5-seed x5-fold CV of masked-multinomial IMP
# ANCHOR (identical CV harness): dense-backward-25 (260 params) CV=0.9452+-0.0006 (C=20); dense-full-305 CV=0.9501
# masked-IMP CV never reaches 0.940 at any sparsity/WD; best is WD=5e-4 CV~0.9375 (0.008 below dense-backward at 260 params)

############ WD=1e4 ############
== CV (WD=0.0001, 5 seeds x5) ==
params   cvAcc     se nfold
   310  0.9369 0.0007    25
   290  0.9368 0.0007    25
   270  0.9365 0.0007    25
   260  0.9365 0.0007    25
   250  0.9364 0.0007    25
   240  0.9362 0.0007    25
   230  0.9359 0.0007    25
   220  0.9355 0.0008    25
   210  0.9350 0.0008    25
   205  0.9349 0.0008    25
   200  0.9349 0.0009    25
   195  0.9349 0.0009    25
   190  0.9345 0.0008    25
   185  0.9342 0.0008    25
   180  0.9337 0.0008    25
   170  0.9325 0.0009    25
   160  0.9313 0.0009    25

== full-train (WD=0.0001) ==
params     val    test   nnz
   310  0.9361  0.9367   300
   290  0.9361  0.9372   280
   270  0.9348  0.9378   260
   260  0.9352  0.9376   250
   250  0.9357  0.9383   240
   240  0.9348  0.9389   230
   230  0.9356  0.9374   220
   220  0.9335  0.9363   210
   210  0.9333  0.9356   200
   205  0.9333  0.9359   195
   200  0.9326  0.9372   190
   195  0.9326  0.9380   185
   190  0.9330  0.9372   180
   185  0.9328  0.9363   175
   180  0.9348  0.9367   170
   170  0.9330  0.9324   160
   160  0.9341  0.9328   150
CVIMP_DONE

############ WD=2e4 ############
== CV (WD=0.0002, 5 seeds x5) ==
params   cvAcc     se nfold
   310  0.9351 0.0008    25
   290  0.9350 0.0008    25
   270  0.9351 0.0008    25
   260  0.9350 0.0008    25
   250  0.9346 0.0009    25
   240  0.9344 0.0008    25
   230  0.9340 0.0008    25
   220  0.9335 0.0008    25
   210  0.9333 0.0008    25
   205  0.9332 0.0008    25
   200  0.9330 0.0008    25
   195  0.9333 0.0008    25
   190  0.9330 0.0008    25
   185  0.9325 0.0009    25
   180  0.9324 0.0009    25
   170  0.9320 0.0009    25
   160  0.9304 0.0009    25

== full-train (WD=0.0002) ==
params     val    test   nnz
   310  0.9343  0.9372   300
   290  0.9333  0.9376   280
   270  0.9330  0.9374   260
   260  0.9337  0.9374   250
   250  0.9344  0.9372   240
   240  0.9348  0.9374   230
   230  0.9363  0.9370   220
   220  0.9326  0.9374   210
   210  0.9328  0.9356   200
   205  0.9330  0.9354   195
   200  0.9324  0.9352   190
   195  0.9324  0.9344   185
   190  0.9309  0.9339   180
   185  0.9331  0.9344   175
   180  0.9333  0.9335   170
   170  0.9322  0.9331   160
   160  0.9322  0.9328   150
CVIMP_DONE

############ WD=5e4 ############
== CV (WD=0.0005, 5 seeds x5) ==
params   cvAcc     se nfold
   310  0.9375 0.0009    25
   290  0.9372 0.0010    25
   270  0.9374 0.0010    25
   260  0.9374 0.0010    25
   250  0.9371 0.0010    25
   240  0.9369 0.0011    25
   230  0.9362 0.0010    25
   220  0.9357 0.0009    25
   210  0.9354 0.0008    25
   205  0.9348 0.0008    25
   200  0.9344 0.0008    25
   195  0.9345 0.0008    25
   190  0.9343 0.0009    25
   185  0.9342 0.0009    25
   180  0.9338 0.0009    25
   170  0.9329 0.0009    25
   160  0.9317 0.0010    25

== full-train (WD=0.0005) ==
params     val    test   nnz
   310  0.9381  0.9419   300
   290  0.9385  0.9420   280
   270  0.9387  0.9417   260
   260  0.9385  0.9406   250
   250  0.9378  0.9407   240
   240  0.9374  0.9404   230
   230  0.9369  0.9409   220
   220  0.9385  0.9415   210
   210  0.9365  0.9406   200
   205  0.9369  0.9393   195
   200  0.9354  0.9398   190
   195  0.9381  0.9394   186
   190  0.9369  0.9394   180
   185  0.9367  0.9380   175
   180  0.9365  0.9376   170
   170  0.9370  0.9365   160
   160  0.9346  0.9359   150
CVIMP_DONE

############ WD=1e3 ############
== CV (WD=0.001, 5 seeds x5) ==
params   cvAcc     se nfold
   310  0.9335 0.0009    25
   290  0.9333 0.0009    25
   270  0.9332 0.0008    25
   260  0.9330 0.0009    25
   250  0.9331 0.0008    25
   240  0.9330 0.0009    25
   230  0.9331 0.0008    25
   220  0.9328 0.0008    25
   210  0.9316 0.0007    25
   205  0.9313 0.0008    25
   200  0.9311 0.0008    25
   195  0.9313 0.0008    25
   190  0.9310 0.0008    25
   185  0.9306 0.0008    25
   180  0.9300 0.0007    25
   170  0.9293 0.0007    25
   160  0.9279 0.0008    25

== full-train (WD=0.001) ==
params     val    test   nnz
   310  0.9322  0.9348   300
   290  0.9320  0.9339   280
   270  0.9319  0.9343   260
   260  0.9328  0.9343   250
   250  0.9326  0.9344   240
   240  0.9317  0.9331   230
   230  0.9333  0.9341   220
   220  0.9337  0.9343   210
   210  0.9320  0.9331   200
   205  0.9302  0.9337   195
   200  0.9313  0.9330   190
   195  0.9306  0.9333   185
   190  0.9294  0.9330   180
   185  0.9294  0.9341   175
   180  0.9296  0.9339   170
   170  0.9291  0.9331   160
   160  0.9294  0.9324   150
CVIMP_DONE

